function x = datas1
%*********************** Scottish Hill Race Data *************************
%
%Source:      Scottish Hill Runners Association
%
%Taken From:  Atkinson's discussion of Chatterjee and Hadi (1986),
%             Statistical Science, p. 400.
%
%Dimension:   35 observations on 3 variables
%
%Description: The observations are:
%             1. Greenmantle New Year Dash   19. Black Hill
%             2. Carnethy 5 Hill Race        20. Creag Beag
%             3. Craig Dunain                21. Kildoon
%             4. Ben Rha                     22. Meall Ant-Suiche
%             5. Ben Lomond                  23. Half Ben Nevis
%             6. Goatfell                    24. Cow Hill
%             7. Bens of Jura                25. North Berwick Law
%             8. Cairnpapple                 26. Creag Dubh
%             9. Scolty                      27. Burnswark
%            10. Traprain Law                28. Largo
%            11. Lairig Ghru                 29. Criffel
%            12. Dollar                      30. Achmony
%            13. Lomonds of Fife             31. Ben Nevis
%            14. Cairn Table                 32. Knockfarrel
%            15. Eildon Two                  33. Two Breweries Fell
%            16. Cairngorm                   34. Cockleroi
%            17. Seven Hills of Edinburgh    35. Moffat Chase
%            18. Knock Hill
%
%Column     Definition
%  1        Distance (miles)
%  2        Climb (ft)
%  3        Time (seconds)

x = [
     2.5    650      965
     6     2500     2901
     6      900     2019
     7.5    800     2736
     8     3070     3736
     8     2866     4393
    16     7500    12277
     6      800     2182
     5      800     1785
     6      650     2385
    28     2100    11560
     5     2000     2583
     9.5   2200     3900
     6      500     2648
     4.5   1500     1616
    10     3000     4335
    14     2200     5905
     3      350     4719
     4.5   1000     1045
     5.5    600     1954
     3      300      957
     3.5   1500     1674
     6     2200     2859
     2      900     1076
     3      600     1121
     4     2000     1573
     6      800     2066
     5      950     1714
     6.5   1750     3030
     5      500     1257
    10     4400     5135
     6      600     1943
    18     5200    10215
     4.5    850     1686
    20     5000     9590
];
